{
  "nbformat": 4,
  "nbformat_minor": 0,
  "metadata": {
    "colab": {
      "provenance": []
    },
    "kernelspec": {
      "name": "ir",
      "display_name": "R"
    },
    "language_info": {
      "name": "R"
    }
  },
  "cells": [
    {
      "cell_type": "markdown",
      "source": [
        "William Andres Gomez Roa"
      ],
      "metadata": {
        "id": "aaWxeTJ-lIK7"
      }
    },
    {
      "cell_type": "markdown",
      "source": [
        "# PUNTO 1: PCA"
      ],
      "metadata": {
        "id": "oFYYCB0ok4Cq"
      }
    },
    {
      "cell_type": "code",
      "execution_count": 29,
      "metadata": {
        "colab": {
          "base_uri": "https://localhost:8080/"
        },
        "id": "UlyN48RZkBkL",
        "outputId": "d4565959-c7ef-4ec0-ea2a-907c986f22d0"
      },
      "outputs": [
        {
          "output_type": "stream",
          "name": "stderr",
          "text": [
            "Installing packages into ‘/usr/local/lib/R/site-library’\n",
            "(as ‘lib’ is unspecified)\n",
            "\n"
          ]
        }
      ],
      "source": [
        "install.packages(c(\"corrplot\",\"psych\",\"FactoMineR\",\"factoextra\",\"reshape2\",\"RColorBrewer\"))"
      ]
    },
    {
      "cell_type": "code",
      "source": [
        "library(readxl)\n",
        "library(psych)\n",
        "library(dplyr)"
      ],
      "metadata": {
        "colab": {
          "base_uri": "https://localhost:8080/"
        },
        "id": "EKE9xtPQm64T",
        "outputId": "92063149-9292-462c-d1f7-e55ebbc8a2b7"
      },
      "execution_count": 35,
      "outputs": [
        {
          "output_type": "stream",
          "name": "stderr",
          "text": [
            "\n",
            "Attaching package: ‘dplyr’\n",
            "\n",
            "\n",
            "The following objects are masked from ‘package:stats’:\n",
            "\n",
            "    filter, lag\n",
            "\n",
            "\n",
            "The following objects are masked from ‘package:base’:\n",
            "\n",
            "    intersect, setdiff, setequal, union\n",
            "\n",
            "\n"
          ]
        }
      ]
    },
    {
      "cell_type": "code",
      "source": [
        "paper<-read_excel(\"HBPAPER.xlsx\")\n",
        "str(paper)"
      ],
      "metadata": {
        "colab": {
          "base_uri": "https://localhost:8080/"
        },
        "id": "hrQAglXNleDT",
        "outputId": "822981b4-29c9-4fb4-f09e-208287cb375a"
      },
      "execution_count": 43,
      "outputs": [
        {
          "output_type": "stream",
          "name": "stdout",
          "text": [
            "tibble [100 × 24] (S3: tbl_df/tbl/data.frame)\n",
            " $ ID : num [1:100] 1 2 3 4 5 6 7 8 9 10 ...\n",
            " $ X1 : num [1:100] 2 3 3 1 2 1 1 2 2 1 ...\n",
            " $ X2 : num [1:100] 0 1 0 1 0 1 1 0 1 0 ...\n",
            " $ X3 : num [1:100] 1 0 1 1 1 0 1 1 1 1 ...\n",
            " $ X4 : num [1:100] 1 0 1 1 0 1 1 1 1 1 ...\n",
            " $ X5 : num [1:100] 1 0 1 0 1 0 0 0 0 0 ...\n",
            " $ X6 : num [1:100] 8.5 8.2 9.2 6.4 9 6.5 6.9 6.2 5.8 6.4 ...\n",
            " $ X7 : num [1:100] 3.9 2.7 3.4 3.3 3.4 2.8 3.7 3.3 3.6 4.5 ...\n",
            " $ X8 : num [1:100] 2.5 5.1 5.6 7 5.2 3.1 5 3.9 5.1 5.1 ...\n",
            " $ X9 : num [1:100] 5.9 7.2 5.6 3.7 4.6 4.1 2.6 4.8 6.7 6.1 ...\n",
            " $ X10: num [1:100] 4.8 3.4 5.4 4.7 2.2 4 2.1 4.6 3.7 4.7 ...\n",
            " $ X11: num [1:100] 4.9 7.9 7.4 4.7 6 4.3 2.3 3.6 5.9 5.7 ...\n",
            " $ X12: num [1:100] 6 3.1 5.8 4.5 4.5 3.7 5.4 5.1 5.8 5.7 ...\n",
            " $ X13: num [1:100] 6.8 5.3 4.5 8.8 6.8 8.5 8.9 6.9 9.3 8.4 ...\n",
            " $ X14: num [1:100] 4.7 5.5 6.2 7 6.1 5.1 4.8 5.4 5.9 5.4 ...\n",
            " $ X15: num [1:100] 4.3 4 4.6 3.6 4.5 9.5 2.5 4.8 4.4 5.3 ...\n",
            " $ X16: num [1:100] 5 3.9 5.4 4.3 4.5 3.6 2.1 4.3 4.4 4.1 ...\n",
            " $ X17: num [1:100] 5.1 4.3 4 4.1 3.5 4.7 4.2 6.3 6.1 5.8 ...\n",
            " $ X18: num [1:100] 3.7 4.9 4.5 3 3.5 3.3 2 3.7 4.6 4.4 ...\n",
            " $ X19: num [1:100] 8.2 5.7 8.9 4.8 7.1 4.7 5.7 6.3 7 5.5 ...\n",
            " $ X20: num [1:100] 8 6.5 8.4 6 6.6 6.3 7.8 5.8 7.5 5.9 ...\n",
            " $ X21: num [1:100] 8.4 7.5 9 7.2 9 6.1 7.2 7.7 8.2 6.7 ...\n",
            " $ X22: num [1:100] 65.1 67.1 72.1 40.1 57.1 50.1 41.1 56.1 56.1 59.1 ...\n",
            " $ X23: num [1:100] 1 0 1 0 0 0 0 0 1 0 ...\n"
          ]
        }
      ]
    },
    {
      "cell_type": "code",
      "source": [
        "X<-paper[,c(7,8,9,10,11,12,13,14,15,16,17,18,19)]\n",
        "str(X) #variables que explican la percepcion del rendimiento"
      ],
      "metadata": {
        "colab": {
          "base_uri": "https://localhost:8080/"
        },
        "id": "vw63w_u-leAe",
        "outputId": "285aed29-4a12-4d74-8fa3-4044e6957bb9"
      },
      "execution_count": 44,
      "outputs": [
        {
          "output_type": "stream",
          "name": "stdout",
          "text": [
            "tibble [100 × 13] (S3: tbl_df/tbl/data.frame)\n",
            " $ X6 : num [1:100] 8.5 8.2 9.2 6.4 9 6.5 6.9 6.2 5.8 6.4 ...\n",
            " $ X7 : num [1:100] 3.9 2.7 3.4 3.3 3.4 2.8 3.7 3.3 3.6 4.5 ...\n",
            " $ X8 : num [1:100] 2.5 5.1 5.6 7 5.2 3.1 5 3.9 5.1 5.1 ...\n",
            " $ X9 : num [1:100] 5.9 7.2 5.6 3.7 4.6 4.1 2.6 4.8 6.7 6.1 ...\n",
            " $ X10: num [1:100] 4.8 3.4 5.4 4.7 2.2 4 2.1 4.6 3.7 4.7 ...\n",
            " $ X11: num [1:100] 4.9 7.9 7.4 4.7 6 4.3 2.3 3.6 5.9 5.7 ...\n",
            " $ X12: num [1:100] 6 3.1 5.8 4.5 4.5 3.7 5.4 5.1 5.8 5.7 ...\n",
            " $ X13: num [1:100] 6.8 5.3 4.5 8.8 6.8 8.5 8.9 6.9 9.3 8.4 ...\n",
            " $ X14: num [1:100] 4.7 5.5 6.2 7 6.1 5.1 4.8 5.4 5.9 5.4 ...\n",
            " $ X15: num [1:100] 4.3 4 4.6 3.6 4.5 9.5 2.5 4.8 4.4 5.3 ...\n",
            " $ X16: num [1:100] 5 3.9 5.4 4.3 4.5 3.6 2.1 4.3 4.4 4.1 ...\n",
            " $ X17: num [1:100] 5.1 4.3 4 4.1 3.5 4.7 4.2 6.3 6.1 5.8 ...\n",
            " $ X18: num [1:100] 3.7 4.9 4.5 3 3.5 3.3 2 3.7 4.6 4.4 ...\n"
          ]
        }
      ]
    },
    {
      "cell_type": "markdown",
      "source": [
        "## Primer punto"
      ],
      "metadata": {
        "id": "AdXpcXgIoWgz"
      }
    },
    {
      "cell_type": "code",
      "source": [
        "R <- cor(X)\n",
        "R"
      ],
      "metadata": {
        "colab": {
          "base_uri": "https://localhost:8080/",
          "height": 474
        },
        "id": "OIXFIhSFld86",
        "outputId": "70cfac2f-b209-45e8-cc00-13a6fb1eb0ee"
      },
      "execution_count": 45,
      "outputs": [
        {
          "output_type": "display_data",
          "data": {
            "text/html": [
              "<table class=\"dataframe\">\n",
              "<caption>A matrix: 13 × 13 of type dbl</caption>\n",
              "<thead>\n",
              "\t<tr><th></th><th scope=col>X6</th><th scope=col>X7</th><th scope=col>X8</th><th scope=col>X9</th><th scope=col>X10</th><th scope=col>X11</th><th scope=col>X12</th><th scope=col>X13</th><th scope=col>X14</th><th scope=col>X15</th><th scope=col>X16</th><th scope=col>X17</th><th scope=col>X18</th></tr>\n",
              "</thead>\n",
              "<tbody>\n",
              "\t<tr><th scope=row>X6</th><td> 1.00000000</td><td>-0.1371632174</td><td> 0.0956004542</td><td> 0.10637000</td><td>-0.05347313</td><td> 0.47749341</td><td>-0.15181287</td><td>-0.40128188</td><td> 0.08831231</td><td> 0.02698820</td><td> 0.10430307</td><td>-0.49313812</td><td> 0.02771800</td></tr>\n",
              "\t<tr><th scope=row>X7</th><td>-0.13716322</td><td> 1.0000000000</td><td> 0.0008667887</td><td> 0.14017926</td><td> 0.42989071</td><td>-0.05268784</td><td> 0.79154371</td><td> 0.22946240</td><td> 0.05189819</td><td>-0.02742781</td><td> 0.15614733</td><td> 0.27066742</td><td> 0.19163607</td></tr>\n",
              "\t<tr><th scope=row>X8</th><td> 0.09560045</td><td> 0.0008667887</td><td> 1.0000000000</td><td> 0.09665660</td><td>-0.06287007</td><td> 0.19262546</td><td> 0.01699054</td><td>-0.27078668</td><td> 0.79716793</td><td>-0.07357899</td><td> 0.08010182</td><td>-0.18609639</td><td> 0.02544069</td></tr>\n",
              "\t<tr><th scope=row>X9</th><td> 0.10637000</td><td> 0.1401792611</td><td> 0.0966565978</td><td> 1.00000000</td><td> 0.19691685</td><td> 0.56141695</td><td> 0.22975176</td><td>-0.12795425</td><td> 0.14040830</td><td> 0.05940111</td><td> 0.75686859</td><td> 0.39450634</td><td> 0.86509170</td></tr>\n",
              "\t<tr><th scope=row>X10</th><td>-0.05347313</td><td> 0.4298907110</td><td>-0.0628700668</td><td> 0.19691685</td><td> 1.00000000</td><td>-0.01155082</td><td> 0.54220366</td><td> 0.13421689</td><td> 0.01079207</td><td> 0.08416610</td><td> 0.18423559</td><td> 0.33355482</td><td> 0.27586308</td></tr>\n",
              "\t<tr><th scope=row>X11</th><td> 0.47749341</td><td>-0.0526878383</td><td> 0.1926254565</td><td> 0.56141695</td><td>-0.01155082</td><td> 1.00000000</td><td>-0.06131553</td><td>-0.49494840</td><td> 0.27307753</td><td> 0.04616424</td><td> 0.42440825</td><td>-0.37796681</td><td> 0.60185021</td></tr>\n",
              "\t<tr><th scope=row>X12</th><td>-0.15181287</td><td> 0.7915437115</td><td> 0.0169905395</td><td> 0.22975176</td><td> 0.54220366</td><td>-0.06131553</td><td> 1.00000000</td><td> 0.26459655</td><td> 0.10745534</td><td> 0.03164009</td><td> 0.19512741</td><td> 0.35224073</td><td> 0.27155126</td></tr>\n",
              "\t<tr><th scope=row>X13</th><td>-0.40128188</td><td> 0.2294624014</td><td>-0.2707866821</td><td>-0.12795425</td><td> 0.13421689</td><td>-0.49494840</td><td> 0.26459655</td><td> 1.00000000</td><td>-0.24498605</td><td> 0.02316342</td><td>-0.11456703</td><td> 0.47110961</td><td>-0.07287173</td></tr>\n",
              "\t<tr><th scope=row>X14</th><td> 0.08831231</td><td> 0.0518981915</td><td> 0.7971679258</td><td> 0.14040830</td><td> 0.01079207</td><td> 0.27307753</td><td> 0.10745534</td><td>-0.24498605</td><td> 1.00000000</td><td> 0.03519937</td><td> 0.19706512</td><td>-0.17025280</td><td> 0.10939460</td></tr>\n",
              "\t<tr><th scope=row>X15</th><td> 0.02698820</td><td>-0.0274278083</td><td>-0.0735789868</td><td> 0.05940111</td><td> 0.08416610</td><td> 0.04616424</td><td> 0.03164009</td><td> 0.02316342</td><td> 0.03519937</td><td> 1.00000000</td><td> 0.06853933</td><td> 0.09413139</td><td> 0.10574950</td></tr>\n",
              "\t<tr><th scope=row>X16</th><td> 0.10430307</td><td> 0.1561473316</td><td> 0.0801018246</td><td> 0.75686859</td><td> 0.18423559</td><td> 0.42440825</td><td> 0.19512741</td><td>-0.11456703</td><td> 0.19706512</td><td> 0.06853933</td><td> 1.00000000</td><td> 0.40696774</td><td> 0.75100307</td></tr>\n",
              "\t<tr><th scope=row>X17</th><td>-0.49313812</td><td> 0.2706674197</td><td>-0.1860963881</td><td> 0.39450634</td><td> 0.33355482</td><td>-0.37796681</td><td> 0.35224073</td><td> 0.47110961</td><td>-0.17025280</td><td> 0.09413139</td><td> 0.40696774</td><td> 1.00000000</td><td> 0.49669481</td></tr>\n",
              "\t<tr><th scope=row>X18</th><td> 0.02771800</td><td> 0.1916360683</td><td> 0.0254406935</td><td> 0.86509170</td><td> 0.27586308</td><td> 0.60185021</td><td> 0.27155126</td><td>-0.07287173</td><td> 0.10939460</td><td> 0.10574950</td><td> 0.75100307</td><td> 0.49669481</td><td> 1.00000000</td></tr>\n",
              "</tbody>\n",
              "</table>\n"
            ],
            "text/markdown": "\nA matrix: 13 × 13 of type dbl\n\n| <!--/--> | X6 | X7 | X8 | X9 | X10 | X11 | X12 | X13 | X14 | X15 | X16 | X17 | X18 |\n|---|---|---|---|---|---|---|---|---|---|---|---|---|---|\n| X6 |  1.00000000 | -0.1371632174 |  0.0956004542 |  0.10637000 | -0.05347313 |  0.47749341 | -0.15181287 | -0.40128188 |  0.08831231 |  0.02698820 |  0.10430307 | -0.49313812 |  0.02771800 |\n| X7 | -0.13716322 |  1.0000000000 |  0.0008667887 |  0.14017926 |  0.42989071 | -0.05268784 |  0.79154371 |  0.22946240 |  0.05189819 | -0.02742781 |  0.15614733 |  0.27066742 |  0.19163607 |\n| X8 |  0.09560045 |  0.0008667887 |  1.0000000000 |  0.09665660 | -0.06287007 |  0.19262546 |  0.01699054 | -0.27078668 |  0.79716793 | -0.07357899 |  0.08010182 | -0.18609639 |  0.02544069 |\n| X9 |  0.10637000 |  0.1401792611 |  0.0966565978 |  1.00000000 |  0.19691685 |  0.56141695 |  0.22975176 | -0.12795425 |  0.14040830 |  0.05940111 |  0.75686859 |  0.39450634 |  0.86509170 |\n| X10 | -0.05347313 |  0.4298907110 | -0.0628700668 |  0.19691685 |  1.00000000 | -0.01155082 |  0.54220366 |  0.13421689 |  0.01079207 |  0.08416610 |  0.18423559 |  0.33355482 |  0.27586308 |\n| X11 |  0.47749341 | -0.0526878383 |  0.1926254565 |  0.56141695 | -0.01155082 |  1.00000000 | -0.06131553 | -0.49494840 |  0.27307753 |  0.04616424 |  0.42440825 | -0.37796681 |  0.60185021 |\n| X12 | -0.15181287 |  0.7915437115 |  0.0169905395 |  0.22975176 |  0.54220366 | -0.06131553 |  1.00000000 |  0.26459655 |  0.10745534 |  0.03164009 |  0.19512741 |  0.35224073 |  0.27155126 |\n| X13 | -0.40128188 |  0.2294624014 | -0.2707866821 | -0.12795425 |  0.13421689 | -0.49494840 |  0.26459655 |  1.00000000 | -0.24498605 |  0.02316342 | -0.11456703 |  0.47110961 | -0.07287173 |\n| X14 |  0.08831231 |  0.0518981915 |  0.7971679258 |  0.14040830 |  0.01079207 |  0.27307753 |  0.10745534 | -0.24498605 |  1.00000000 |  0.03519937 |  0.19706512 | -0.17025280 |  0.10939460 |\n| X15 |  0.02698820 | -0.0274278083 | -0.0735789868 |  0.05940111 |  0.08416610 |  0.04616424 |  0.03164009 |  0.02316342 |  0.03519937 |  1.00000000 |  0.06853933 |  0.09413139 |  0.10574950 |\n| X16 |  0.10430307 |  0.1561473316 |  0.0801018246 |  0.75686859 |  0.18423559 |  0.42440825 |  0.19512741 | -0.11456703 |  0.19706512 |  0.06853933 |  1.00000000 |  0.40696774 |  0.75100307 |\n| X17 | -0.49313812 |  0.2706674197 | -0.1860963881 |  0.39450634 |  0.33355482 | -0.37796681 |  0.35224073 |  0.47110961 | -0.17025280 |  0.09413139 |  0.40696774 |  1.00000000 |  0.49669481 |\n| X18 |  0.02771800 |  0.1916360683 |  0.0254406935 |  0.86509170 |  0.27586308 |  0.60185021 |  0.27155126 | -0.07287173 |  0.10939460 |  0.10574950 |  0.75100307 |  0.49669481 |  1.00000000 |\n\n",
            "text/latex": "A matrix: 13 × 13 of type dbl\n\\begin{tabular}{r|lllllllllllll}\n  & X6 & X7 & X8 & X9 & X10 & X11 & X12 & X13 & X14 & X15 & X16 & X17 & X18\\\\\n\\hline\n\tX6 &  1.00000000 & -0.1371632174 &  0.0956004542 &  0.10637000 & -0.05347313 &  0.47749341 & -0.15181287 & -0.40128188 &  0.08831231 &  0.02698820 &  0.10430307 & -0.49313812 &  0.02771800\\\\\n\tX7 & -0.13716322 &  1.0000000000 &  0.0008667887 &  0.14017926 &  0.42989071 & -0.05268784 &  0.79154371 &  0.22946240 &  0.05189819 & -0.02742781 &  0.15614733 &  0.27066742 &  0.19163607\\\\\n\tX8 &  0.09560045 &  0.0008667887 &  1.0000000000 &  0.09665660 & -0.06287007 &  0.19262546 &  0.01699054 & -0.27078668 &  0.79716793 & -0.07357899 &  0.08010182 & -0.18609639 &  0.02544069\\\\\n\tX9 &  0.10637000 &  0.1401792611 &  0.0966565978 &  1.00000000 &  0.19691685 &  0.56141695 &  0.22975176 & -0.12795425 &  0.14040830 &  0.05940111 &  0.75686859 &  0.39450634 &  0.86509170\\\\\n\tX10 & -0.05347313 &  0.4298907110 & -0.0628700668 &  0.19691685 &  1.00000000 & -0.01155082 &  0.54220366 &  0.13421689 &  0.01079207 &  0.08416610 &  0.18423559 &  0.33355482 &  0.27586308\\\\\n\tX11 &  0.47749341 & -0.0526878383 &  0.1926254565 &  0.56141695 & -0.01155082 &  1.00000000 & -0.06131553 & -0.49494840 &  0.27307753 &  0.04616424 &  0.42440825 & -0.37796681 &  0.60185021\\\\\n\tX12 & -0.15181287 &  0.7915437115 &  0.0169905395 &  0.22975176 &  0.54220366 & -0.06131553 &  1.00000000 &  0.26459655 &  0.10745534 &  0.03164009 &  0.19512741 &  0.35224073 &  0.27155126\\\\\n\tX13 & -0.40128188 &  0.2294624014 & -0.2707866821 & -0.12795425 &  0.13421689 & -0.49494840 &  0.26459655 &  1.00000000 & -0.24498605 &  0.02316342 & -0.11456703 &  0.47110961 & -0.07287173\\\\\n\tX14 &  0.08831231 &  0.0518981915 &  0.7971679258 &  0.14040830 &  0.01079207 &  0.27307753 &  0.10745534 & -0.24498605 &  1.00000000 &  0.03519937 &  0.19706512 & -0.17025280 &  0.10939460\\\\\n\tX15 &  0.02698820 & -0.0274278083 & -0.0735789868 &  0.05940111 &  0.08416610 &  0.04616424 &  0.03164009 &  0.02316342 &  0.03519937 &  1.00000000 &  0.06853933 &  0.09413139 &  0.10574950\\\\\n\tX16 &  0.10430307 &  0.1561473316 &  0.0801018246 &  0.75686859 &  0.18423559 &  0.42440825 &  0.19512741 & -0.11456703 &  0.19706512 &  0.06853933 &  1.00000000 &  0.40696774 &  0.75100307\\\\\n\tX17 & -0.49313812 &  0.2706674197 & -0.1860963881 &  0.39450634 &  0.33355482 & -0.37796681 &  0.35224073 &  0.47110961 & -0.17025280 &  0.09413139 &  0.40696774 &  1.00000000 &  0.49669481\\\\\n\tX18 &  0.02771800 &  0.1916360683 &  0.0254406935 &  0.86509170 &  0.27586308 &  0.60185021 &  0.27155126 & -0.07287173 &  0.10939460 &  0.10574950 &  0.75100307 &  0.49669481 &  1.00000000\\\\\n\\end{tabular}\n",
            "text/plain": [
              "    X6          X7            X8            X9          X10         X11        \n",
              "X6   1.00000000 -0.1371632174  0.0956004542  0.10637000 -0.05347313  0.47749341\n",
              "X7  -0.13716322  1.0000000000  0.0008667887  0.14017926  0.42989071 -0.05268784\n",
              "X8   0.09560045  0.0008667887  1.0000000000  0.09665660 -0.06287007  0.19262546\n",
              "X9   0.10637000  0.1401792611  0.0966565978  1.00000000  0.19691685  0.56141695\n",
              "X10 -0.05347313  0.4298907110 -0.0628700668  0.19691685  1.00000000 -0.01155082\n",
              "X11  0.47749341 -0.0526878383  0.1926254565  0.56141695 -0.01155082  1.00000000\n",
              "X12 -0.15181287  0.7915437115  0.0169905395  0.22975176  0.54220366 -0.06131553\n",
              "X13 -0.40128188  0.2294624014 -0.2707866821 -0.12795425  0.13421689 -0.49494840\n",
              "X14  0.08831231  0.0518981915  0.7971679258  0.14040830  0.01079207  0.27307753\n",
              "X15  0.02698820 -0.0274278083 -0.0735789868  0.05940111  0.08416610  0.04616424\n",
              "X16  0.10430307  0.1561473316  0.0801018246  0.75686859  0.18423559  0.42440825\n",
              "X17 -0.49313812  0.2706674197 -0.1860963881  0.39450634  0.33355482 -0.37796681\n",
              "X18  0.02771800  0.1916360683  0.0254406935  0.86509170  0.27586308  0.60185021\n",
              "    X12         X13         X14         X15         X16         X17        \n",
              "X6  -0.15181287 -0.40128188  0.08831231  0.02698820  0.10430307 -0.49313812\n",
              "X7   0.79154371  0.22946240  0.05189819 -0.02742781  0.15614733  0.27066742\n",
              "X8   0.01699054 -0.27078668  0.79716793 -0.07357899  0.08010182 -0.18609639\n",
              "X9   0.22975176 -0.12795425  0.14040830  0.05940111  0.75686859  0.39450634\n",
              "X10  0.54220366  0.13421689  0.01079207  0.08416610  0.18423559  0.33355482\n",
              "X11 -0.06131553 -0.49494840  0.27307753  0.04616424  0.42440825 -0.37796681\n",
              "X12  1.00000000  0.26459655  0.10745534  0.03164009  0.19512741  0.35224073\n",
              "X13  0.26459655  1.00000000 -0.24498605  0.02316342 -0.11456703  0.47110961\n",
              "X14  0.10745534 -0.24498605  1.00000000  0.03519937  0.19706512 -0.17025280\n",
              "X15  0.03164009  0.02316342  0.03519937  1.00000000  0.06853933  0.09413139\n",
              "X16  0.19512741 -0.11456703  0.19706512  0.06853933  1.00000000  0.40696774\n",
              "X17  0.35224073  0.47110961 -0.17025280  0.09413139  0.40696774  1.00000000\n",
              "X18  0.27155126 -0.07287173  0.10939460  0.10574950  0.75100307  0.49669481\n",
              "    X18        \n",
              "X6   0.02771800\n",
              "X7   0.19163607\n",
              "X8   0.02544069\n",
              "X9   0.86509170\n",
              "X10  0.27586308\n",
              "X11  0.60185021\n",
              "X12  0.27155126\n",
              "X13 -0.07287173\n",
              "X14  0.10939460\n",
              "X15  0.10574950\n",
              "X16  0.75100307\n",
              "X17  0.49669481\n",
              "X18  1.00000000"
            ]
          },
          "metadata": {}
        }
      ]
    },
    {
      "cell_type": "code",
      "source": [
        "KMO(R)"
      ],
      "metadata": {
        "colab": {
          "base_uri": "https://localhost:8080/",
          "height": 121
        },
        "id": "SkNMZo2tld6C",
        "outputId": "fe4e142b-a851-486f-bfdc-d2b924b55f1a"
      },
      "execution_count": 46,
      "outputs": [
        {
          "output_type": "display_data",
          "data": {
            "text/plain": [
              "Kaiser-Meyer-Olkin factor adequacy\n",
              "Call: KMO(r = R)\n",
              "Overall MSA =  0.61\n",
              "MSA for each item = \n",
              "  X6   X7   X8   X9  X10  X11  X12  X13  X14  X15  X16  X17  X18 \n",
              "0.87 0.62 0.53 0.89 0.81 0.45 0.59 0.88 0.53 0.31 0.86 0.44 0.53 "
            ]
          },
          "metadata": {}
        }
      ]
    },
    {
      "cell_type": "code",
      "source": [
        "X <- X %>% select(X6, X7, X8, X9, X10, X12, X13, X14, X16, X18)\n",
        "R <- cor(X)"
      ],
      "metadata": {
        "id": "3j00rPexpzZf"
      },
      "execution_count": 47,
      "outputs": []
    },
    {
      "cell_type": "code",
      "source": [
        "KMO(R)"
      ],
      "metadata": {
        "colab": {
          "base_uri": "https://localhost:8080/",
          "height": 121
        },
        "id": "xI1H_VMKpzXT",
        "outputId": "bc60de63-4c37-4313-fbed-266f963b9311"
      },
      "execution_count": 48,
      "outputs": [
        {
          "output_type": "display_data",
          "data": {
            "text/plain": [
              "Kaiser-Meyer-Olkin factor adequacy\n",
              "Call: KMO(r = R)\n",
              "Overall MSA =  0.67\n",
              "MSA for each item = \n",
              "  X6   X7   X8   X9  X10  X12  X13  X14  X16  X18 \n",
              "0.61 0.64 0.52 0.69 0.81 0.63 0.74 0.53 0.83 0.72 "
            ]
          },
          "metadata": {}
        }
      ]
    },
    {
      "cell_type": "markdown",
      "source": [
        "#### **¿Cuál es el MSA final para el dataset final?**\n",
        "\n",
        "El MSA final es 0.67, el cual es bueno."
      ],
      "metadata": {
        "id": "h5j4bK3Wqym-"
      }
    },
    {
      "cell_type": "markdown",
      "source": [
        "## SEGUNDO PUNTO"
      ],
      "metadata": {
        "id": "Z8t-1V1PopTI"
      }
    },
    {
      "cell_type": "markdown",
      "source": [
        "### Prueba de esfericidad de Bartlett\n",
        "\n",
        "- $H_{0}: P=I$\n",
        "- $H_{1}: P\\neq I$\n"
      ],
      "metadata": {
        "id": "fDuzse79rPec"
      }
    },
    {
      "cell_type": "code",
      "source": [
        "cortest.bartlett(R, n = nrow(X))"
      ],
      "metadata": {
        "colab": {
          "base_uri": "https://localhost:8080/",
          "height": 149
        },
        "id": "2FDmwdBcorES",
        "outputId": "15adda09-3667-424f-b3f4-7685bc0bd337"
      },
      "execution_count": 49,
      "outputs": [
        {
          "output_type": "display_data",
          "data": {
            "text/html": [
              "<dl>\n",
              "\t<dt>$chisq</dt>\n",
              "\t\t<dd>502.973918292775</dd>\n",
              "\t<dt>$p.value</dt>\n",
              "\t\t<dd>1.13040353189602e-78</dd>\n",
              "\t<dt>$df</dt>\n",
              "\t\t<dd>45</dd>\n",
              "</dl>\n"
            ],
            "text/markdown": "$chisq\n:   502.973918292775\n$p.value\n:   1.13040353189602e-78\n$df\n:   45\n\n\n",
            "text/latex": "\\begin{description}\n\\item[\\$chisq] 502.973918292775\n\\item[\\$p.value] 1.13040353189602e-78\n\\item[\\$df] 45\n\\end{description}\n",
            "text/plain": [
              "$chisq\n",
              "[1] 502.9739\n",
              "\n",
              "$p.value\n",
              "[1] 1.130404e-78\n",
              "\n",
              "$df\n",
              "[1] 45\n"
            ]
          },
          "metadata": {}
        }
      ]
    },
    {
      "cell_type": "markdown",
      "source": [
        "Rechazamos $H_{0}$ y por tanto podemos decir que las variables estan correlacionadas y es adecuado hacer ACP"
      ],
      "metadata": {
        "id": "rfFSGDWlrp0m"
      }
    },
    {
      "cell_type": "markdown",
      "source": [
        "## TERCER PUNTO"
      ],
      "metadata": {
        "id": "2AwWmF20or4P"
      }
    },
    {
      "cell_type": "markdown",
      "source": [
        "- Los autovalores sean mayores a $1$\n",
        "- La varianza acumulada de los componentes expliquen almenos el $80\\%$ de la varianza\n",
        "- screeplot\n"
      ],
      "metadata": {
        "id": "53pifPSjsOXQ"
      }
    },
    {
      "cell_type": "code",
      "source": [
        "componentestotal<-prcomp(X, center=TRUE, scale.=TRUE)\n",
        "summary(componentestotal)"
      ],
      "metadata": {
        "colab": {
          "base_uri": "https://localhost:8080/",
          "height": 173
        },
        "id": "oOkNIIA-oue0",
        "outputId": "efdc3662-78b5-4986-fff0-786302cb70ff"
      },
      "execution_count": 50,
      "outputs": [
        {
          "output_type": "display_data",
          "data": {
            "text/plain": [
              "Importance of components:\n",
              "                          PC1    PC2    PC3    PC4     PC5     PC6     PC7\n",
              "Standard deviation     1.7567 1.5077 1.2881 1.0192 0.77724 0.74069 0.54092\n",
              "Proportion of Variance 0.3086 0.2273 0.1659 0.1039 0.06041 0.05486 0.02926\n",
              "Cumulative Proportion  0.3086 0.5359 0.7018 0.8057 0.86613 0.92099 0.95025\n",
              "                           PC8     PC9    PC10\n",
              "Standard deviation     0.45408 0.41369 0.34669\n",
              "Proportion of Variance 0.02062 0.01711 0.01202\n",
              "Cumulative Proportion  0.97087 0.98798 1.00000"
            ]
          },
          "metadata": {}
        }
      ]
    },
    {
      "cell_type": "code",
      "source": [
        "plot(componentestotal, type=\"l\")"
      ],
      "metadata": {
        "colab": {
          "base_uri": "https://localhost:8080/",
          "height": 437
        },
        "id": "mVJKyFWftlYv",
        "outputId": "6a81f55a-e8bd-4bf5-e702-9ccb3b25a7f0"
      },
      "execution_count": 51,
      "outputs": [
        {
          "output_type": "display_data",
          "data": {
            "text/plain": [
              "Plot with title “componentestotal”"
            ],
